20 710
Levels\map2.png
5749 620
14
800 590
1600 755
1960 60
2780 535
3335 359
3560 625
4970 755
5170 755
5350 333
5350 363
5350 393
5350 423
5350 453
5350 483
31
0 780 528 20
540 678 97 18
690 618 303 33 
1253 533 86 269
1380 426 97 18
1524 366 97 18
1697 320 97 18
1339 778 1317 22 
1867 376 522 33
1940 86 97 18 
2100 86 208 33
2340 225 97 18
2760 563 86 237
2623 651 32 130
2965 651 32 130
3115 487 97 18
3302 384 97 18
2965 778 577 22
3540 651 86 150
3469 285 97 18
3680 198 784 34
3659 173 25 56
4464 173 25 56
4045 482 97 18
4531 778 1688 22
4835 573 94 210
5031 426 94 360
5240 292 94 500
5563 300 97 18
5563 416 97 18
5563 536 97 18
5
Immortal 1700 700
Mortal 2000 700
Mortal 3200 700
Immortal 4000 150
Immortal 3800 150
2
4080 418
5600 352